image: me652_parking_map_edit.pgm
resolution: 0.050000
origin: [-25.0, -25.0, 0.000000] # [-25.624998, -25.624998, 0.000000]
negate: 0
occupied_thresh: 0.65
free_thresh: 0.196

